,opentime,open,high,low,close,volume
0,2019-11-13,8821.91,8844.99,8702.0,8777.12,26810.116918
1,2019-11-14,8777.54,8800.0,8582.6,8646.68,33468.468961
2,2019-11-15,8646.38,8790.0,8400.0,8471.73,46087.417751
3,2019-11-16,8471.62,8543.0,8400.0,8491.02,20902.299752
4,2019-11-17,8490.74,8635.0,8350.68,8502.4,27009.037082
5,2019-11-18,8502.87,8503.52,8060.0,8187.17,43017.69094
6,2019-11-19,8186.5,8218.63,8003.0,8133.64,43556.061025
7,2019-11-20,8133.83,8264.29,8038.4,8098.01,32466.23098
8,2019-11-21,8098.56,8134.73,7500.0,7627.74,58418.780261
9,2019-11-22,7627.79,7750.0,6790.0,7268.23,126603.140259
10,2019-11-23,7268.23,7344.48,7080.01,7311.57,50449.894755
11,2019-11-24,7311.1,7330.39,6861.0,6903.28,67890.206483
12,2019-11-25,6900.23,7377.69,6515.0,7109.57,119645.735197
13,2019-11-26,7109.99,7340.0,7017.48,7156.14,65722.39769
14,2019-11-27,7154.75,7655.0,6840.0,7508.52,92452.87349
15,2019-11-28,7507.9,7643.0,7360.0,7419.49,56933.981109
16,2019-11-29,7418.52,7850.0,7362.3,7739.68,60745.300873
17,2019-11-30,7740.99,7810.0,7441.0,7541.89,46989.433619
18,2019-12-01,7540.63,7541.85,7210.0,7390.89,60769.342313
19,2019-12-02,7391.5,7420.56,7151.1,7294.28,46330.25604
20,2019-12-03,7294.42,7400.0,7241.35,7292.71,33149.477487
21,2019-12-04,7292.71,7750.0,7067.0,7194.32,83147.149142
22,2019-12-05,7194.59,7485.0,7150.0,7389.0,59306.678855
23,2019-12-06,7389.0,7590.03,7305.0,7527.47,48189.087944
24,2019-12-07,7527.8,7619.62,7470.16,7488.21,31498.684173
25,2019-12-08,7487.31,7564.0,7374.86,7510.11,29856.897631
26,2019-12-09,7510.11,7650.0,7273.0,7338.64,46621.887493
27,2019-12-10,7338.64,7407.6,7157.1,7224.13,49723.76214
28,2019-12-11,7224.15,7275.5,7125.66,7210.0,30093.091944
29,2019-12-12,7210.0,7295.0,7080.3,7198.08,42288.600932
30,2019-12-13,7197.76,7309.05,7190.76,7258.48,27609.873795
31,2019-12-14,7257.37,7271.77,7012.0,7064.05,29561.985967
32,2019-12-15,7064.14,7200.3,7008.35,7118.59,26395.778137
33,2019-12-16,7119.6,7150.0,6836.0,6891.72,43863.993059
34,2019-12-17,6891.44,6942.21,6560.0,6623.82,53865.069929
35,2019-12-18,6623.84,7440.0,6435.0,7277.83,95636.651251
36,2019-12-19,7277.83,7380.0,7038.31,7150.3,55509.049075
37,2019-12-20,7151.31,7220.0,7079.5,7187.83,32132.069205
38,2019-12-21,7188.01,7190.58,7105.0,7132.75,19467.174028
39,2019-12-22,7131.59,7518.54,7122.47,7501.44,39137.45515
40,2019-12-23,7500.71,7695.38,7265.84,7317.09,68051.997203
41,2019-12-24,7317.3,7436.68,7157.04,7255.77,43629.494188
42,2019-12-25,7255.77,7271.77,7128.86,7204.63,27492.044323
43,2019-12-26,7205.01,7435.0,7157.12,7202.0,36259.761076
44,2019-12-27,7202.0,7275.86,7076.42,7254.74,33642.701861
45,2019-12-28,7254.77,7365.01,7238.67,7316.14,26848.982199
46,2019-12-29,7315.36,7528.45,7288.0,7388.24,31387.106085
47,2019-12-30,7388.43,7408.24,7220.0,7246.0,29605.911782
48,2019-12-31,7246.0,7320.0,7145.01,7195.23,25954.453533
49,2020-01-01,7195.24,7255.0,7175.15,7200.85,16792.388165
50,2020-01-02,7200.77,7212.5,6924.74,6965.71,31951.483932
51,2020-01-03,6965.49,7405.0,6871.04,7344.96,68428.500451
52,2020-01-04,7345.0,7404.0,7272.21,7354.11,29987.974977
53,2020-01-05,7354.19,7495.0,7318.0,7358.75,38331.085604
54,2020-01-06,7357.64,7795.34,7346.76,7758.0,54635.695316
55,2020-01-07,7758.9,8207.68,7723.71,8145.28,91171.684661
56,2020-01-08,8145.92,8455.0,7870.0,8055.98,112622.64264
57,2020-01-09,8054.72,8055.96,7750.0,7817.76,64239.51983
58,2020-01-10,7817.74,8199.0,7672.0,8197.02,82406.777448
59,2020-01-11,8198.86,8286.34,8003.16,8020.01,54810.032667
60,2020-01-12,8020.01,8197.0,7960.0,8184.98,38131.494336
61,2020-01-13,8184.97,8196.0,8055.89,8110.34,31159.755683
62,2020-01-14,8110.34,8880.0,8105.54,8810.01,120399.126742
63,2020-01-15,8814.64,8916.48,8564.0,8821.41,84816.297606
64,2020-01-16,8820.01,8859.81,8586.0,8720.01,51991.074284
65,2020-01-17,8720.15,9041.65,8672.44,8913.28,70897.737377
66,2020-01-18,8913.27,8988.88,8806.38,8915.96,38294.746545
67,2020-01-19,8915.09,9198.98,8466.0,8701.7,70676.889259
68,2020-01-20,8701.72,8746.99,8521.28,8642.35,38896.639746
69,2020-01-21,8642.35,8789.0,8488.0,8736.03,36494.687659
70,2020-01-22,8736.04,8818.0,8590.0,8682.36,29080.557138
71,2020-01-23,8682.77,8691.81,8306.39,8404.52,48165.944597
72,2020-01-24,8404.52,8528.02,8238.0,8439.0,41687.529529
73,2020-01-25,8438.99,8451.26,8254.9,8340.58,25521.157932
74,2020-01-26,8340.01,8618.13,8293.66,8615.0,31130.485164
75,2020-01-27,8614.39,9000.0,8535.0,8907.57,53973.542996
76,2020-01-28,8907.57,9400.0,8862.4,9374.21,74584.853765
77,2020-01-29,9375.34,9449.24,9216.0,9301.53,53864.065122
78,2020-01-30,9301.57,9578.0,9204.44,9513.21,60626.744259
79,2020-01-31,9511.52,9530.22,9210.01,9352.89,45552.022352
80,2020-02-01,9351.71,9464.53,9281.0,9384.61,28578.067354
81,2020-02-02,9384.41,9477.03,9120.0,9331.51,45690.91254
82,2020-02-03,9331.59,9618.79,9234.0,9292.24,50892.133451
83,2020-02-04,9291.35,9350.0,9093.01,9197.02,53308.175266
84,2020-02-05,9197.02,9744.45,9177.22,9612.04,64870.415615
85,2020-02-06,9612.03,9862.57,9526.35,9772.0,64949.706588
86,2020-02-07,9772.0,9885.0,9730.0,9813.73,43966.114632
87,2020-02-08,9813.87,9940.0,9667.11,9895.05,43600.843666
88,2020-02-09,9895.04,10166.0,9880.75,10151.75,43408.475616
89,2020-02-10,10151.72,10188.0,9756.0,9851.83,59573.084619
90,2020-02-11,9851.74,10323.59,9700.0,10223.08,62422.395224
91,2020-02-12,10223.08,10450.0,10223.08,10326.46,61008.06393
92,2020-02-13,10325.33,10500.0,10080.0,10229.63,79344.358759
93,2020-02-14,10227.78,10381.56,10111.37,10344.36,47038.480173
94,2020-02-15,10344.36,10375.0,9801.0,9904.72,57657.202947
95,2020-02-16,9904.46,10050.0,9638.12,9917.27,60023.999537
96,2020-02-17,9910.7,9964.16,9452.67,9706.0,70261.011901
97,2020-02-18,9706.0,10250.0,9576.01,10164.71,70604.124019
98,2020-02-19,10164.78,10250.0,9350.0,9593.79,55162.586895
99,2020-02-20,9594.65,9699.0,9400.0,9596.42,60152.342914
100,2020-02-21,9597.21,9755.51,9550.21,9677.05,42181.554524
101,2020-02-22,9677.05,9709.17,9560.02,9650.86,24636.757623
102,2020-02-23,9650.85,9990.0,9645.0,9936.4,37702.089843
103,2020-02-24,9936.4,9990.0,9473.56,9656.13,55796.59612
104,2020-02-25,9655.52,9675.0,9250.0,9315.84,54379.344552
105,2020-02-26,9316.48,9377.44,8633.63,8785.25,92130.345482
106,2020-02-27,8786.0,8971.77,8531.0,8823.21,72483.578762
107,2020-02-28,8823.25,8900.0,8445.0,8692.91,71155.208977
108,2020-02-29,8690.8,8790.0,8523.55,8523.61,36748.183035
109,2020-03-01,8523.61,8750.0,8411.0,8531.88,43892.201779
110,2020-03-02,8530.3,8965.75,8498.0,8915.24,60401.31773
111,2020-03-03,8911.18,8919.65,8651.0,8760.07,55154.997282
112,2020-03-04,8760.07,8848.29,8660.0,8750.87,38696.482578
113,2020-03-05,8750.99,9159.42,8746.54,9054.68,58201.866355
114,2020-03-06,9054.64,9170.0,8985.5,9131.88,43782.948044
115,2020-03-07,9130.89,9188.0,8835.0,8886.66,45422.204525
116,2020-03-08,8885.25,8886.76,8000.0,8033.31,77537.315166
117,2020-03-09,8034.76,8179.31,7632.01,7929.87,116968.863268
118,2020-03-10,7929.87,8149.0,7728.01,7894.56,86783.443875
119,2020-03-11,7894.57,7980.0,7590.0,7934.52,79942.411172
120,2020-03-12,7934.58,7966.17,4410.0,4800.0,261505.608653
121,2020-03-13,4800.01,5955.0,3782.13,5578.6,402201.673764
122,2020-03-14,5576.05,5640.52,5055.13,5172.06,136910.135974
123,2020-03-15,5172.48,5940.0,5093.1,5361.3,139916.146534
124,2020-03-16,5360.33,5365.42,4442.12,5028.97,227276.92276
125,2020-03-17,5028.86,5525.0,4921.45,5312.64,150089.926318
126,2020-03-18,5312.64,5436.17,5009.37,5393.04,137127.634894
127,2020-03-19,5393.26,6400.0,5252.53,6162.37,199020.873439
128,2020-03-20,6162.05,6900.0,5670.0,6208.36,219298.329514
129,2020-03-21,6204.57,6456.98,5860.02,6186.98,128913.668363
130,2020-03-22,6187.04,6407.87,5734.01,5816.19,119115.990527
131,2020-03-23,5816.05,6600.0,5688.0,6467.31,164674.215785
132,2020-03-24,6465.25,6833.0,6371.33,6744.72,151138.009878
133,2020-03-25,6744.69,6957.96,6450.0,6677.43,132155.734989
134,2020-03-26,6677.42,6780.0,6510.0,6737.36,83026.555211
135,2020-03-27,6737.27,6842.59,6261.0,6359.11,82914.968354
136,2020-03-28,6359.11,6360.0,6024.0,6236.65,93159.693429
137,2020-03-29,6236.65,6266.0,5866.56,5881.42,63311.627714
138,2020-03-30,5880.5,6599.0,5857.76,6394.38,118889.549992
139,2020-03-31,6394.45,6523.23,6321.4,6410.44,72337.595259
140,2020-04-01,6412.14,6679.94,6150.11,6642.92,97500.7524
141,2020-04-02,6643.36,7198.0,6551.0,6794.09,149299.906871
142,2020-04-03,6793.86,7048.0,6602.1,6734.1,104080.276939
143,2020-04-04,6732.97,6990.41,6650.01,6856.99,72990.861139
144,2020-04-05,6857.41,6895.54,6677.52,6772.78,49685.356983
145,2020-04-06,6772.78,7355.14,6765.0,7329.9,118052.000832
146,2020-04-07,7329.9,7459.69,7077.0,7197.32,103585.168918
147,2020-04-08,7197.32,7420.0,7150.0,7361.28,76059.145838
148,2020-04-09,7360.26,7371.92,7108.08,7283.54,61094.872417
149,2020-04-10,7283.54,7295.75,6739.98,6858.92,104674.623375
150,2020-04-11,6858.92,6944.3,6760.0,6876.83,45470.293206
151,2020-04-12,6876.84,7177.0,6780.0,6903.79,73868.666501
152,2020-04-13,6903.79,6903.79,6575.0,6837.91,96415.476573
153,2020-04-14,6838.04,6978.0,6754.28,6868.7,69068.623285
154,2020-04-15,6868.57,6933.0,6605.0,6621.24,61571.384994
155,2020-04-16,6621.25,7190.0,6468.27,7101.94,125009.857539
156,2020-04-17,7101.99,7148.12,6972.98,7027.55,54126.509763
157,2020-04-18,7026.78,7293.08,7014.4,7248.6,49488.542819
158,2020-04-19,7248.6,7266.15,7055.6,7120.74,45664.86393
159,2020-04-20,7121.4,7220.0,6751.0,6826.83,90149.49137
160,2020-04-21,6828.98,6940.0,6762.0,6841.37,60109.710808
161,2020-04-22,6841.36,7156.38,6818.0,7125.14,61486.377334
162,2020-04-23,7125.12,7738.0,7020.0,7482.39,102773.569561
163,2020-04-24,7483.96,7615.96,7388.0,7505.0,60182.119939
164,2020-04-25,7505.0,7705.0,7431.07,7538.67,43874.427726
165,2020-04-26,7539.03,7700.0,7480.0,7693.1,50522.616209
166,2020-04-27,7693.1,7792.02,7606.0,7774.62,65441.339576
167,2020-04-28,7773.51,7780.0,7659.12,7738.98,46302.752638
168,2020-04-29,7738.58,8952.89,7710.05,8778.57,183546.887514
169,2020-04-30,8778.58,9460.0,8401.0,8620.0,206277.214124
170,2020-05-01,8620.0,9059.18,8613.56,8826.96,91468.815059
171,2020-05-02,8825.67,9010.0,8753.0,8972.05,59002.08755
172,2020-05-03,8972.58,9200.0,8712.0,8894.16,90126.065643
173,2020-05-04,8894.15,8950.0,8522.0,8871.96,84418.512331
174,2020-05-05,8871.92,9118.58,8760.0,9021.83,76480.765342
175,2020-05-06,9021.36,9395.0,8906.21,9142.92,105925.30242
176,2020-05-07,9143.4,10067.0,9021.0,9986.4,147154.611378
177,2020-05-08,9986.3,10035.96,9705.0,9800.01,100683.7964
178,2020-05-09,9800.02,9914.25,9520.0,9539.4,81950.679567
179,2020-05-10,9539.1,9574.83,8117.0,8722.77,183865.182028
180,2020-05-11,8722.77,9168.0,8200.0,8561.52,168807.251832
181,2020-05-12,8562.04,8978.26,8528.78,8810.79,86522.780066
182,2020-05-13,8810.99,9398.0,8792.99,9309.37,92466.274018
183,2020-05-14,9309.35,9939.0,9256.76,9791.98,129565.37747
184,2020-05-15,9791.97,9845.62,9150.0,9316.42,115890.761516
185,2020-05-16,9315.96,9588.0,9220.0,9381.27,59587.627862
186,2020-05-17,9380.81,9888.0,9322.1,9680.04,68647.764323
187,2020-05-18,9681.11,9950.0,9464.23,9733.93,82006.603583
188,2020-05-19,9733.93,9897.21,9474.0,9775.53,78539.760454
189,2020-05-20,9775.13,9842.0,9326.0,9511.43,74923.73809
190,2020-05-21,9511.43,9578.47,8815.0,9068.65,108928.780969
191,2020-05-22,9067.51,9271.0,8933.52,9170.0,58943.131024
192,2020-05-23,9170.0,9307.85,9070.0,9179.15,43526.296966
193,2020-05-24,9179.01,9298.0,8700.0,8720.34,70379.86645
194,2020-05-25,8718.14,8979.66,8642.72,8900.35,62833.910949
195,2020-05-26,8900.35,9017.67,8700.0,8841.18,58299.770138
196,2020-05-27,8841.0,9225.0,8811.73,9204.07,68910.355514
197,2020-05-28,9204.07,9625.47,9110.0,9575.89,74110.787662
198,2020-05-29,9575.87,9605.26,9330.0,9427.07,57374.362961
199,2020-05-30,9426.6,9740.0,9331.23,9697.72,55665.27254
200,2020-05-31,9697.72,9700.0,9381.41,9448.27,48333.786403
201,2020-06-01,9448.27,10380.0,9421.67,10200.77,76649.12696
202,2020-06-02,10202.71,10228.99,9266.0,9518.04,108970.773151
203,2020-06-03,9518.02,9690.0,9365.21,9666.24,46252.644939
204,2020-06-04,9666.32,9881.63,9450.0,9789.06,57456.100969
205,2020-06-05,9788.14,9854.75,9581.0,9621.16,47788.05005
206,2020-06-06,9621.17,9735.0,9531.05,9666.3,32752.950893
207,2020-06-07,9666.85,9802.0,9372.46,9746.99,57952.848385
208,2020-06-08,9746.99,9800.0,9633.0,9782.01,40664.664125
209,2020-06-09,9782.0,9877.0,9570.0,9772.43,46024.001289
210,2020-06-10,9772.44,9992.72,9704.18,9885.0,47130.762982
211,2020-06-11,9885.22,9964.0,9113.0,9280.4,94418.98473
212,2020-06-12,9278.88,9557.12,9232.51,9465.13,50119.066932
213,2020-06-13,9464.96,9494.73,9351.0,9473.34,27759.784851
214,2020-06-14,9473.34,9480.99,9245.0,9342.1,30055.506608
215,2020-06-15,9342.1,9495.0,8910.45,9426.02,86107.924707
216,2020-06-16,9426.05,9589.0,9373.09,9525.59,52052.446927
217,2020-06-17,9526.97,9565.0,9236.61,9465.14,48046.411152
218,2020-06-18,9465.13,9489.0,9280.0,9386.32,37381.953765
219,2020-06-19,9386.32,9438.3,9215.79,9310.23,45330.983673
220,2020-06-20,9310.23,9395.0,9170.95,9358.95,30329.065384
221,2020-06-21,9358.95,9422.0,9281.54,9294.69,24316.926234
222,2020-06-22,9294.69,9780.0,9277.09,9685.69,57895.468343
223,2020-06-23,9685.69,9720.0,9577.03,9624.89,41031.02938
224,2020-06-24,9624.33,9670.0,9208.0,9296.49,61571.561464
225,2020-06-25,9298.33,9340.0,9009.69,9249.49,55831.619156
226,2020-06-26,9249.49,9298.0,9045.45,9162.21,50292.298277
227,2020-06-27,9162.21,9196.24,8833.0,9012.0,46290.930113
228,2020-06-28,9012.0,9191.0,8948.06,9116.35,30688.176421
229,2020-06-29,9116.16,9238.0,9024.67,9192.56,42120.293261
230,2020-06-30,9192.93,9205.0,9064.89,9138.55,31463.162801
231,2020-07-01,9138.08,9292.0,9080.1,9232.0,38488.528699
232,2020-07-02,9231.99,9261.96,8940.0,9086.54,45725.168076
233,2020-07-03,9086.54,9125.0,9037.47,9058.26,28943.420177
234,2020-07-04,9057.79,9190.0,9040.04,9135.46,26441.968484
235,2020-07-05,9135.0,9145.24,8893.03,9069.41,34073.653627
236,2020-07-06,9069.41,9375.0,9055.92,9344.2,54463.132277
237,2020-07-07,9342.47,9379.42,9203.0,9257.39,34587.336678
238,2020-07-08,9257.4,9470.0,9231.0,9436.06,56140.517781
239,2020-07-09,9436.06,9440.79,9160.0,9232.43,48044.450645
240,2020-07-10,9232.42,9317.48,9125.0,9288.34,38295.494006
241,2020-07-11,9288.34,9299.28,9178.25,9234.03,22561.366
242,2020-07-12,9234.02,9345.0,9157.5,9302.75,30872.702286
243,2020-07-13,9303.31,9343.82,9200.89,9242.62,42740.069115
244,2020-07-14,9242.61,9279.54,9113.0,9255.85,45772.552509
245,2020-07-15,9255.85,9276.49,9160.57,9197.6,39053.579665
246,2020-07-16,9197.6,9226.15,9047.25,9133.72,43375.571191
247,2020-07-17,9133.72,9186.83,9089.81,9154.32,28054.358741
248,2020-07-18,9154.31,9219.3,9121.1,9170.28,22554.541457
249,2020-07-19,9170.3,9232.27,9101.35,9208.99,26052.019417
250,2020-07-20,9208.99,9221.52,9131.0,9160.78,35458.764082
251,2020-07-21,9160.78,9437.73,9152.8,9390.0,60413.582486
252,2020-07-22,9390.0,9544.0,9261.0,9518.16,48815.004107
253,2020-07-23,9518.16,9664.0,9440.33,9603.27,51856.2335
254,2020-07-24,9603.27,9637.0,9463.44,9537.8,43931.136205
255,2020-07-25,9538.1,9732.9,9513.0,9700.42,40679.545416
256,2020-07-26,9700.42,10111.0,9650.0,9931.54,65279.269319
257,2020-07-27,9931.54,11394.86,9917.21,11029.96,150188.933144
258,2020-07-28,11029.96,11242.23,10565.0,10906.27,97267.734187
259,2020-07-29,10906.27,11342.82,10812.0,11100.53,76838.094233
260,2020-07-30,11100.52,11170.0,10831.0,11099.61,60794.826456
261,2020-07-31,11099.79,11444.0,10960.0,11335.46,70063.660974
262,2020-08-01,11335.46,11861.0,11220.0,11801.17,85087.485126
263,2020-08-02,11801.17,12123.46,10518.5,11071.35,97553.077604
264,2020-08-03,11071.36,11473.0,10936.0,11219.81,56931.841475
265,2020-08-04,11219.68,11414.98,11000.0,11191.97,58629.113709
266,2020-08-05,11191.99,11780.93,11093.0,11744.91,74970.256852
267,2020-08-06,11744.91,11900.0,11562.5,11762.46,63529.08502
268,2020-08-07,11762.47,11909.94,11322.0,11594.23,65755.926022
269,2020-08-08,11594.36,11808.27,11512.0,11761.41,41858.16104
270,2020-08-09,11761.02,11797.11,11521.97,11681.68,41493.067342
271,2020-08-10,11681.69,12067.35,11450.0,11892.92,84952.337887
272,2020-08-11,11892.9,11935.0,11125.0,11392.08,90748.284634
273,2020-08-12,11392.09,11617.52,11150.0,11564.33,64909.613644
274,2020-08-13,11564.34,11792.96,11270.36,11780.0,70132.491502
275,2020-08-14,11779.77,11850.0,11634.03,11760.54,59818.852697
276,2020-08-15,11760.55,11980.0,11680.0,11852.4,56237.90505
277,2020-08-16,11852.4,11931.72,11686.0,11911.0,41368.236906
278,2020-08-17,11910.99,12468.0,11769.78,12281.13,84734.21154
279,2020-08-18,12281.15,12387.77,11817.93,11945.01,75923.835527
280,2020-08-19,11945.1,12020.08,11561.0,11754.59,73940.169606
281,2020-08-20,11754.38,11888.0,11668.0,11853.55,46085.254351
282,2020-08-21,11853.54,11878.0,11485.81,11531.34,64448.306142
283,2020-08-22,11531.23,11686.0,11376.81,11662.96,43678.701646
284,2020-08-23,11663.51,11718.07,11514.13,11648.13,37900.00469
285,2020-08-24,11648.12,11824.9,11585.09,11748.2,46212.391867
286,2020-08-25,11748.19,11767.85,11117.64,11318.42,69590.923272
287,2020-08-26,11318.42,11539.32,11244.0,11461.43,53998.231231
288,2020-08-27,11461.42,11592.2,11125.0,11330.38,63246.036383
289,2020-08-28,11330.38,11542.65,11276.89,11526.91,45953.908365
290,2020-08-29,11526.9,11580.02,11417.04,11465.84,32973.7992
291,2020-08-30,11465.84,11719.0,11458.0,11711.16,43177.879054
292,2020-08-31,11711.17,11800.77,11570.0,11649.51,55353.617744
293,2020-09-01,11649.51,12050.85,11515.0,11921.97,78148.193668
294,2020-09-02,11921.97,11954.57,11160.1,11388.54,87221.845602
295,2020-09-03,11388.54,11462.6,9960.8,10140.85,121950.106015
296,2020-09-04,10138.29,10627.05,9875.5,10446.25,92733.599113
297,2020-09-05,10446.25,10565.68,9825.0,10166.69,90001.605568
298,2020-09-06,10166.69,10347.14,9994.86,10256.2,56368.788815
299,2020-09-07,10255.89,10410.75,9875.0,10373.44,62620.230676
300,2020-09-08,10373.45,10438.0,9850.0,10126.65,73491.878418
301,2020-09-09,10126.66,10343.0,9981.01,10219.2,49347.113776
302,2020-09-10,10219.29,10483.35,10070.83,10336.87,58253.75375
303,2020-09-11,10336.86,10397.6,10200.0,10387.89,43830.254467
304,2020-09-12,10387.89,10477.97,10269.25,10440.92,35379.153096
305,2020-09-13,10440.67,10580.11,10200.0,10332.83,43837.609865
306,2020-09-14,10332.84,10750.0,10212.34,10671.77,67059.291361
307,2020-09-15,10671.77,10930.04,10606.48,10785.31,61822.452786
308,2020-09-16,10785.23,11093.0,10661.22,10954.01,64991.51244
309,2020-09-17,10954.01,11045.46,10745.83,10939.99,55601.614529
310,2020-09-18,10940.0,11038.03,10812.84,10933.39,47266.728275
311,2020-09-19,10933.4,11179.79,10887.37,11080.65,38440.036858
312,2020-09-20,11080.64,11080.64,10723.0,10920.28,39157.922565
313,2020-09-21,10920.28,10988.86,10296.35,10417.22,70683.431179
314,2020-09-22,10417.22,10572.71,10353.0,10529.61,43991.235476
315,2020-09-23,10529.61,10537.15,10136.82,10241.46,51876.568079
316,2020-09-24,10241.46,10795.24,10190.93,10736.32,57676.619427
317,2020-09-25,10736.33,10760.53,10556.24,10686.67,48101.117008
318,2020-09-26,10686.57,10820.94,10644.68,10728.6,28420.836659
319,2020-09-27,10728.59,10799.0,10594.82,10774.25,30549.483253
320,2020-09-28,10774.26,10950.0,10626.0,10696.12,50095.251734
321,2020-09-29,10696.11,10867.54,10635.87,10840.48,41874.898399
322,2020-09-30,10840.58,10849.34,10665.13,10776.59,39596.027322
323,2020-10-01,10776.59,10920.0,10437.0,10619.13,60866.332893
324,2020-10-02,10619.13,10664.64,10374.0,10570.4,50130.393705
325,2020-10-03,10570.4,10603.56,10496.46,10542.06,22298.221341
326,2020-10-04,10542.07,10696.87,10517.87,10666.63,23212.001595
327,2020-10-05,10666.62,10798.0,10615.64,10792.21,34025.761653
328,2020-10-06,10792.2,10800.0,10525.0,10599.66,48674.740471
329,2020-10-07,10599.65,10681.87,10546.17,10666.39,32811.990279
330,2020-10-08,10666.4,10950.0,10530.41,10925.57,51959.691572
331,2020-10-09,10925.44,11104.64,10829.0,11050.64,48240.073237
332,2020-10-10,11050.64,11491.0,11050.51,11293.22,43648.036943
333,2020-10-11,11293.22,11445.0,11221.0,11369.02,29043.851339
334,2020-10-12,11369.02,11720.01,11172.0,11528.25,52825.28371
335,2020-10-13,11528.24,11557.0,11300.0,11420.56,42205.283709
336,2020-10-14,11420.57,11547.98,11280.0,11417.89,41415.106015
337,2020-10-15,11417.89,11617.34,11250.83,11505.12,48760.717679
338,2020-10-16,11505.13,11541.15,11200.0,11319.32,48797.749502
339,2020-10-17,11319.24,11402.42,11255.0,11360.2,22368.915241
340,2020-10-18,11360.31,11505.0,11346.22,11503.14,23284.041191
341,2020-10-19,11503.14,11823.99,11407.96,11751.47,47414.534692
342,2020-10-20,11751.46,12038.38,11677.59,11909.99,62134.750663
343,2020-10-21,11910.0,13217.68,11886.95,12780.96,114584.456767
344,2020-10-22,12780.75,13185.0,12678.08,12968.52,70038.824144
345,2020-10-23,12968.84,13027.69,12720.08,12923.07,50386.999841
346,2020-10-24,12923.06,13166.73,12870.0,13111.73,35952.20907
347,2020-10-25,13111.73,13350.0,12888.0,13028.83,38481.579504
348,2020-10-26,13029.64,13238.81,12765.0,13052.19,60951.672986
349,2020-10-27,13052.15,13789.29,13019.87,13636.17,80796.553996
350,2020-10-28,13636.16,13859.48,12888.0,13266.4,94440.561226
351,2020-10-29,13266.4,13642.91,12920.77,13455.7,74872.602132
352,2020-10-30,13455.69,13669.98,13115.0,13560.1,70657.778881
353,2020-10-31,13560.1,14100.0,13411.5,13791.0,67339.238515
354,2020-11-01,13791.0,13895.0,13603.0,13761.5,36285.648526
355,2020-11-02,13761.49,13830.0,13195.05,13549.37,64566.421908
356,2020-11-03,13549.63,14066.11,13284.99,14023.53,74115.630787
357,2020-11-04,14023.53,14259.0,13525.0,14144.01,93016.988262
358,2020-11-05,14144.01,15750.0,14093.56,15590.02,143741.522673
359,2020-11-06,15590.02,15960.0,15166.0,15579.92,122618.197695
360,2020-11-07,15579.93,15753.52,14344.22,14818.3,101431.206553
361,2020-11-08,14818.3,15650.0,14703.88,15475.1,65547.178574
362,2020-11-09,15475.1,15840.0,14805.54,15328.41,108976.334134
363,2020-11-10,15328.41,15460.0,15072.46,15297.21,61681.919606
364,2020-11-11,15297.21,15965.0,15272.68,15684.24,78469.746458
365,2020-11-12,15684.25,16340.7,15440.64,16291.86,102196.356592
366,2020-11-13,16291.85,16480.0,15952.35,16320.7,75691.881014
367,2020-11-14,16320.04,16326.99,15670.0,16070.45,59116.347179
368,2020-11-15,16069.56,16180.0,15774.72,15957.0,43596.841513
369,2020-11-16,15957.0,16880.0,15864.0,16713.57,81300.675924
370,2020-11-17,16713.08,17858.82,16538.0,17659.38,115221.403102
371,2020-11-18,17659.38,18476.93,17214.45,17776.12,149019.788134
372,2020-11-19,17777.75,18179.8,17335.65,17802.82,93009.561008
373,2020-11-20,17802.81,18815.22,17740.04,18655.67,88423.018489
374,2020-11-21,18655.66,18965.9,18308.58,18703.8,75577.458394
375,2020-11-22,18703.8,18750.0,17610.86,18414.43,81645.737778
376,2020-11-23,18413.88,18766.0,18000.0,18368.0,82961.506093
377,2020-11-24,18368.01,19418.97,18018.0,19160.01,113581.509241
378,2020-11-25,19160.0,19484.21,18500.27,18719.11,93266.576887
379,2020-11-26,18718.83,18915.03,16188.0,17149.47,181005.246693
380,2020-11-27,17149.47,17457.62,16438.08,17139.52,85297.024787
381,2020-11-28,17139.53,17880.49,16865.56,17719.85,64910.69997
382,2020-11-29,17719.84,18360.05,17517.0,18184.99,55329.016303
383,2020-11-30,18185.0,19863.16,18184.99,19695.87,115463.466888
384,2020-12-01,19695.87,19888.0,18001.12,18764.96,127698.762652
385,2020-12-02,18764.96,19342.0,18330.0,19204.09,75911.013478
386,2020-12-03,19204.08,19598.0,18867.2,19421.9,66689.391279
387,2020-12-04,19422.34,19527.0,18565.31,18650.52,71283.6682
388,2020-12-05,18650.51,19177.0,18500.0,19147.66,42922.748573
389,2020-12-06,19147.66,19420.0,18857.0,19359.4,37043.091861
390,2020-12-07,19358.67,19420.91,18902.88,19166.9,41372.296293
391,2020-12-08,19166.9,19294.84,18200.0,18324.11,61626.947614
392,2020-12-09,18324.11,18639.57,17650.0,18541.28,79585.553801
393,2020-12-10,18541.29,18557.32,17911.12,18254.63,52890.675094
394,2020-12-11,18254.81,18292.73,17572.33,18036.53,72610.724259
395,2020-12-12,18036.53,18948.66,18020.7,18808.69,49519.978432
396,2020-12-13,18808.69,19411.0,18711.12,19174.99,56560.821744
397,2020-12-14,19174.99,19349.0,19000.0,19273.14,47257.201294
398,2020-12-15,19273.69,19570.0,19050.0,19426.43,61834.366011
399,2020-12-16,19426.43,21560.0,19278.6,21335.52,114306.33557
400,2020-12-17,21335.52,23800.0,21230.0,22797.16,184882.476748
401,2020-12-18,22797.15,23285.18,22350.0,23107.39,79646.134315
402,2020-12-19,23107.39,24171.47,22750.0,23821.61,86045.064677
403,2020-12-20,23821.6,24295.0,23060.0,23455.52,76690.145685
404,2020-12-21,23455.54,24102.77,21815.0,22719.71,88030.297243
405,2020-12-22,22719.88,23837.1,22353.4,23810.79,87033.12616
406,2020-12-23,23810.79,24100.0,22600.0,23232.76,119047.259733
407,2020-12-24,23232.39,23794.43,22703.42,23729.2,69013.834252
408,2020-12-25,23728.99,24789.86,23433.6,24712.47,79519.943569
409,2020-12-26,24712.47,26867.03,24500.0,26493.39,97806.513386
410,2020-12-27,26493.4,28422.0,25700.0,26281.66,148455.586214
411,2020-12-28,26281.54,27500.0,26101.0,27079.41,79721.742496
412,2020-12-29,27079.42,27410.0,25880.0,27385.0,69411.592606
413,2020-12-30,27385.0,28996.0,27320.0,28875.54,95356.057826
414,2020-12-31,28875.55,29300.0,27850.0,28923.63,75508.505152
415,2021-01-01,28923.63,29600.0,28624.57,29331.69,54182.925011
416,2021-01-02,29331.7,33300.0,28946.53,32178.33,129993.873362
417,2021-01-03,32176.45,34778.11,31962.99,33000.05,120957.56675
418,2021-01-04,33000.05,33600.0,28130.0,31988.71,140899.88569
419,2021-01-05,31989.75,34360.0,29900.0,33949.53,116049.997038
420,2021-01-06,33949.53,36939.21,33288.0,36769.36,127139.20131
421,2021-01-07,36769.36,40365.0,36300.0,39432.28,132825.700437
422,2021-01-08,39432.48,41950.0,36500.0,40582.81,139789.957499
423,2021-01-09,40586.96,41380.0,38720.0,40088.22,75785.979675
424,2021-01-10,40088.22,41350.0,35111.11,38150.02,118209.544503
425,2021-01-11,38150.02,38264.74,30420.0,35404.47,249131.539943
426,2021-01-12,35410.37,36628.0,32531.0,34051.24,133948.151996
427,2021-01-13,34049.15,37850.0,32380.0,37371.38,124477.914938
428,2021-01-14,37371.38,40100.0,36701.23,39144.5,102950.389421
429,2021-01-15,39145.21,39747.76,34408.0,36742.22,118300.920916
430,2021-01-16,36737.43,37950.0,35357.8,35994.98,86348.431508
431,2021-01-17,35994.98,36852.5,33850.0,35828.61,80157.727384
432,2021-01-18,35824.99,37469.83,34800.0,36631.27,70698.11875
433,2021-01-19,36622.46,37850.0,35844.06,35891.49,79611.307769
434,2021-01-20,35901.94,36415.31,33400.0,35468.23,89368.422918
435,2021-01-21,35468.23,35600.0,30071.0,30850.13,131803.182926
436,2021-01-22,30851.99,33826.53,28850.0,32945.17,142971.684049
437,2021-01-23,32950.0,33456.0,31390.16,32078.0,64595.287675
438,2021-01-24,32078.0,33071.0,30900.0,32259.9,57978.037966
439,2021-01-25,32259.45,34875.0,31910.0,32254.2,88499.226921
440,2021-01-26,32254.19,32921.88,30837.37,32467.77,84972.20691
441,2021-01-27,32464.01,32557.29,29241.72,30366.15,95911.961711
442,2021-01-28,30362.19,33783.98,29842.1,33364.86,92621.145617
443,2021-01-29,33368.18,38531.9,31915.4,34252.2,231827.005626
444,2021-01-30,34246.28,34933.0,32825.0,34262.88,84889.68134
445,2021-01-31,34262.89,34342.69,32171.67,33092.98,68742.280384
446,2021-02-01,33092.97,34717.27,32296.16,33526.37,82718.276882
447,2021-02-02,33517.09,35984.33,33418.0,35466.24,78056.65988
448,2021-02-03,35472.71,37662.63,35362.38,37618.87,80784.333663
449,2021-02-04,37620.26,38708.27,36161.95,36936.66,92080.735898
450,2021-02-05,36936.65,38310.12,36570.0,38290.24,66681.334275
451,2021-02-06,38289.32,40955.51,38215.94,39186.94,98757.311183
452,2021-02-07,39181.01,39700.0,37351.0,38795.69,84363.679763
453,2021-02-08,38795.69,46794.45,37988.89,46374.87,138597.536914
454,2021-02-09,46374.86,48142.19,44961.09,46420.42,115499.861712
455,2021-02-10,46420.42,47310.0,43727.0,44807.58,97154.1822
456,2021-02-11,44807.58,48678.9,43994.02,47969.51,89561.081454
457,2021-02-12,47968.66,48985.8,46125.0,47287.6,85870.035697
458,2021-02-13,47298.15,48150.0,46202.53,47153.69,63768.097399
459,2021-02-14,47156.78,49707.43,47014.17,48577.79,73735.475533
460,2021-02-15,48580.47,49010.92,45570.79,47911.1,79398.156784
461,2021-02-16,47911.1,50689.18,47003.62,49133.45,88813.266298
462,2021-02-17,49133.45,52618.74,48947.0,52119.71,85743.637818
463,2021-02-18,52117.67,52530.0,50901.9,51552.6,60758.046954
464,2021-02-19,51552.61,56368.0,50710.2,55906.0,79659.77802
465,2021-02-20,55906.0,57700.46,53863.93,55841.19,80948.205314
466,2021-02-21,55841.19,58352.8,55477.59,57408.57,58166.708511
467,2021-02-22,57412.35,57508.47,47622.0,54087.67,134019.434944
468,2021-02-23,54087.67,54183.59,44892.56,48891.0,169375.025051
469,2021-02-24,48891.0,51374.99,46988.69,49676.2,91881.209252
470,2021-02-25,49676.21,52041.73,46674.34,47073.73,83310.673121
471,2021-02-26,47073.73,48424.11,44106.78,46276.87,109423.200663
472,2021-02-27,46276.88,48394.0,45000.0,46106.43,66060.834292
473,2021-02-28,46103.67,46638.46,43000.0,45135.66,83055.369042
474,2021-03-01,45134.11,49790.0,44950.53,49587.03,85086.111648
475,2021-03-02,49595.76,50200.0,47047.6,48440.65,64221.06214
476,2021-03-03,48436.61,52640.0,48100.71,50349.37,81035.913705
477,2021-03-04,50349.37,51773.88,47500.0,48374.09,82649.716829
478,2021-03-05,48374.09,49448.93,46300.0,48751.71,78192.496372
479,2021-03-06,48746.81,49200.0,47070.0,48882.2,44399.234242
480,2021-03-07,48882.2,51450.03,48882.2,50971.75,55235.028032
481,2021-03-08,50959.11,52402.78,49274.67,52375.17,66987.359664
482,2021-03-09,52375.18,54895.0,51789.41,54884.5,71656.737076
483,2021-03-10,54874.67,57387.69,53005.0,55851.59,84749.238943
484,2021-03-11,55851.59,58150.0,54272.82,57773.16,81914.812859
485,2021-03-12,57773.15,58081.51,54962.84,57221.72,73405.406047
486,2021-03-13,57221.72,61844.0,56078.23,61188.39,83245.091346
487,2021-03-14,61188.38,61724.79,58966.78,58968.31,52601.05275
488,2021-03-15,58976.08,60633.43,54600.0,55605.2,102771.427298
489,2021-03-16,55605.2,56938.29,53271.34,56900.75,77986.694355
490,2021-03-17,56900.74,58974.73,54123.69,58912.97,70421.620841
491,2021-03-18,58912.97,60129.97,57023.0,57648.16,66580.406675
492,2021-03-19,57641.0,59468.0,56270.74,58030.01,52392.652961
493,2021-03-20,58030.01,59880.0,57820.17,58102.28,44476.941776
494,2021-03-21,58100.02,58589.1,55450.11,57351.56,48564.470274
495,2021-03-22,57351.56,58430.73,53650.0,54083.25,62581.626169
496,2021-03-23,54083.25,55830.9,53000.0,54340.89,59789.365427
497,2021-03-24,54342.8,57200.0,51700.0,52303.65,83537.465021
498,2021-03-25,52303.66,53287.0,50427.56,51293.78,87400.534538
499,2021-03-26,51293.78,55073.46,51214.6,55025.59,63813.774692
500,2021-03-27,55025.59,56700.36,53950.0,55817.14,50105.475055
501,2021-03-28,55817.14,56559.75,54691.84,55777.63,39050.387511
502,2021-03-29,55777.65,58405.82,54800.01,57635.47,67857.937398
503,2021-03-30,57635.46,59368.0,57071.35,58746.57,55122.443122
504,2021-03-31,58746.57,59800.0,56769.0,58740.55,60975.542666
505,2021-04-01,58739.46,59490.0,57935.45,58720.44,47415.61722
506,2021-04-02,58720.45,60200.0,58428.57,58950.01,47382.418781
507,2021-04-03,58950.01,59791.72,56880.0,57051.94,47409.852113
508,2021-04-04,57051.95,58492.85,56388.0,58202.01,41314.081973
509,2021-04-05,58202.01,59272.0,56777.77,59129.99,54258.01579
510,2021-04-06,59129.99,59495.24,57413.02,57991.15,54201.000727
511,2021-04-07,57990.03,58655.0,55473.0,55953.45,71228.405659
512,2021-04-08,55953.44,58153.31,55700.0,58077.52,44283.147019
513,2021-04-09,58077.52,58894.9,57654.0,58142.54,40831.884911
514,2021-04-10,58142.55,61500.0,57900.01,59769.13,69906.424117
515,2021-04-11,59769.13,60699.0,59232.52,60002.43,41156.715391
516,2021-04-12,59998.8,61300.0,59350.59,59860.0,56375.037117
517,2021-04-13,59860.01,63777.77,59805.15,63575.0,82848.688746
518,2021-04-14,63575.01,64854.0,61301.0,62959.53,82616.343993
519,2021-04-15,62959.53,63800.0,62020.0,63159.98,51649.70034
520,2021-04-16,63158.74,63520.61,60000.0,61334.8,91764.139884
521,2021-04-17,61334.81,62506.05,59580.91,60006.66,58912.256128
522,2021-04-18,60006.67,60499.0,50931.3,56150.01,124882.131824
523,2021-04-19,56150.01,57526.81,54221.58,55633.14,78229.042267
524,2021-04-20,55633.14,57076.24,53329.96,56425.0,72744.482151
525,2021-04-21,56425.0,56757.91,53536.02,53787.63,66984.756909
526,2021-04-22,53787.62,55521.48,50500.0,51690.96,104656.631337
527,2021-04-23,51690.95,52131.85,47500.0,51125.14,132230.780719
528,2021-04-24,51110.56,51166.22,48657.14,50047.84,55361.512573
529,2021-04-25,50047.84,50567.91,46930.0,49066.77,58255.645004
530,2021-04-26,49066.76,54356.62,48753.44,54001.39,86310.802124
531,2021-04-27,54001.38,55460.0,53222.0,55011.97,54064.034675
532,2021-04-28,55011.97,56428.0,53813.16,54846.22,55130.459015
533,2021-04-29,54846.23,55195.84,52330.94,53555.0,52486.019455
534,2021-04-30,53555.0,57963.0,53013.01,57694.27,68578.910045
535,2021-05-01,57697.25,58458.07,56956.14,57800.37,42600.351836
536,2021-05-02,57797.35,57911.02,56035.25,56578.21,36812.878863
537,2021-05-03,56578.21,58981.44,56435.0,57169.39,57649.931286
538,2021-05-04,57169.39,57200.0,53046.69,53200.01,85324.625903
539,2021-05-05,53205.05,58069.82,52900.0,57436.11,77263.923439
540,2021-05-06,57436.11,58360.0,55200.0,56393.68,70181.671908
541,2021-05-07,56393.68,58650.0,55241.63,57314.75,74542.747829
542,2021-05-08,57315.49,59500.0,56900.0,58862.05,69709.906028
543,2021-05-09,58866.53,59300.0,56235.66,58240.84,69806.11991
544,2021-05-10,58240.83,59500.0,53400.0,55816.14,89586.34925
545,2021-05-11,55816.14,56862.43,54370.0,56670.02,64329.54055
546,2021-05-12,56670.02,58000.01,48600.0,49631.32,99842.789836
547,2021-05-13,49537.15,51367.19,46000.0,49670.97,147332.002121
548,2021-05-14,49671.92,51483.0,48799.75,49841.45,80082.204306
549,2021-05-15,49844.16,50700.0,46555.0,46762.99,89437.449359
550,2021-05-16,46762.99,49795.89,43825.39,46431.5,114269.812775
551,2021-05-17,46426.83,46686.0,42001.0,43538.04,166657.172736
552,2021-05-18,43538.02,45799.29,42250.02,42849.78,116979.860784
553,2021-05-19,42849.78,43584.9,30000.0,36690.09,354347.243161
554,2021-05-20,36671.23,42451.67,34850.0,40526.64,203017.596923
555,2021-05-21,40525.39,42200.0,33488.0,37252.01,202100.888258
556,2021-05-22,37263.35,38829.0,35200.62,37449.73,126542.243689
557,2021-05-23,37458.51,38270.64,31111.01,34655.25,217136.046593
558,2021-05-24,34681.44,39920.0,34031.0,38796.29,161630.893971
559,2021-05-25,38810.99,39791.77,36419.62,38324.72,111996.228404
560,2021-05-26,38324.72,40841.0,37800.44,39241.91,104780.773396
561,2021-05-27,39241.92,40411.14,37134.27,38529.98,86547.158794
562,2021-05-28,38529.99,38877.83,34684.0,35663.49,135377.62972
563,2021-05-29,35661.79,37338.58,33632.76,34605.15,112663.092689
564,2021-05-30,34605.15,36488.0,33379.0,35641.27,73535.386967
565,2021-05-31,35641.26,37499.0,34153.84,37253.81,94160.735289
566,2021-06-01,37253.82,37894.81,35666.0,36693.09,81234.66377
567,2021-06-02,36694.85,38225.0,35920.0,37568.68,67587.372495
568,2021-06-03,37568.68,39476.0,37170.0,39246.79,75889.106011
569,2021-06-04,39246.78,39289.07,35555.15,36829.0,91317.799245
570,2021-06-05,36829.15,37925.0,34800.0,35513.2,70459.62149
571,2021-06-06,35516.07,36480.0,35222.0,35796.31,47650.206637
572,2021-06-07,35796.31,36900.0,33300.0,33552.79,77574.952573
573,2021-06-08,33556.96,34068.01,31000.0,33380.81,123251.189037
574,2021-06-09,33380.8,37534.79,32396.82,37388.05,136607.597517
575,2021-06-10,37388.05,38491.0,35782.0,36675.72,109527.284943
576,2021-06-11,36677.83,37680.4,35936.77,37331.98,78466.0053
577,2021-06-12,37331.98,37463.63,34600.36,35546.11,87717.54999
578,2021-06-13,35546.12,39380.0,34757.0,39020.57,86921.025555
579,2021-06-14,39020.56,41064.05,38730.0,40516.29,108522.391949
580,2021-06-15,40516.28,41330.0,39506.4,40144.04,80679.622838
581,2021-06-16,40143.8,40527.14,38116.01,38349.01,87771.976937
582,2021-06-17,38349.0,39559.88,37365.0,38092.97,79541.307119
583,2021-06-18,38092.97,38202.84,35129.29,35819.84,95228.042935
584,2021-06-19,35820.48,36457.0,34803.52,35483.72,68712.449461
585,2021-06-20,35483.72,36137.72,33336.0,35600.16,89878.17085
586,2021-06-21,35600.17,35750.0,31251.23,31608.93,168778.873159
587,2021-06-22,31614.12,33298.78,28805.0,32509.56,204208.179762
588,2021-06-23,32509.56,34881.0,31683.0,33678.07,126966.100563
589,2021-06-24,33675.07,35298.0,32286.57,34663.09,86625.80426
590,2021-06-25,34663.08,35500.0,31275.0,31584.45,116061.130356
591,2021-06-26,31576.09,32730.0,30151.0,32283.65,107820.375287
592,2021-06-27,32283.65,34749.0,31973.45,34700.34,96613.244211
593,2021-06-28,34702.49,35297.71,33862.72,34494.89,82222.267819
594,2021-06-29,34494.89,36600.0,34225.43,35911.73,90788.79622
595,2021-06-30,35911.72,36100.0,34017.55,35045.0,77152.197634
596,2021-07-01,35045.0,35057.57,32711.0,33504.69,71708.266112
597,2021-07-02,33502.33,33977.04,32699.0,33786.55,56172.181378
598,2021-07-03,33786.54,34945.61,33316.73,34669.13,43044.578641
599,2021-07-04,34669.12,35967.85,34357.15,35286.51,43703.475789
600,2021-07-05,35288.13,35293.78,33125.55,33690.14,64123.874245
601,2021-07-06,33690.15,35118.88,33532.0,34220.01,58210.596349
602,2021-07-07,34220.02,35059.09,33777.77,33862.12,53807.521675
603,2021-07-08,33862.11,33929.64,32077.0,32875.71,70136.48032
604,2021-07-09,32875.71,34100.0,32261.07,33815.81,47153.939899
605,2021-07-10,33815.81,34262.0,33004.78,33502.87,34761.175468
606,2021-07-11,33502.87,34666.0,33306.47,34258.99,31572.647448
607,2021-07-12,34259.0,34678.43,32658.34,33086.63,48181.403762
608,2021-07-13,33086.94,33340.0,32202.25,32729.77,41126.361008
609,2021-07-14,32729.12,33114.03,31550.0,32820.02,46777.823484
610,2021-07-15,32820.03,33185.25,31133.0,31880.0,51639.576353
611,2021-07-16,31874.49,32249.18,31020.0,31383.87,48499.864154
612,2021-07-17,31383.86,31955.92,31164.31,31520.07,34012.242132
613,2021-07-18,31520.07,32435.0,31108.97,31778.56,35923.716186
614,2021-07-19,31778.57,31899.0,30407.44,30839.65,47340.468499
615,2021-07-20,30839.65,31063.07,29278.0,29790.35,61034.049017
616,2021-07-21,29790.34,32858.0,29482.61,32144.51,82796.265128
617,2021-07-22,32144.51,32591.35,31708.0,32287.83,46148.092433
618,2021-07-23,32287.58,33650.0,31924.32,33634.09,50112.863626
619,2021-07-24,33634.1,34500.0,33401.14,34258.14,47977.550138
620,2021-07-25,34261.51,35398.0,33851.12,35381.02,47852.928313
621,2021-07-26,35381.02,40550.0,35205.78,37237.6,152452.512724
622,2021-07-27,37241.33,39542.61,36383.0,39457.87,88397.267015
623,2021-07-28,39456.61,40900.0,38772.0,40019.56,101344.528441
624,2021-07-29,40019.57,40640.0,39200.0,40016.48,53998.439283
625,2021-07-30,40018.49,42316.71,38313.23,42206.37,73602.784805
626,2021-07-31,42206.36,42448.0,41000.15,41461.83,44849.791012
627,2021-08-01,41461.84,42599.0,39422.01,39845.44,53953.186326
628,2021-08-02,39850.27,40480.01,38690.0,39147.82,50837.351954
629,2021-08-03,39146.86,39780.0,37642.03,38207.05,57117.435853
630,2021-08-04,38207.04,39969.66,37508.56,39723.18,52329.35243
631,2021-08-05,39723.17,41350.0,37332.7,40862.46,84343.755621
632,2021-08-06,40862.46,43392.43,39853.86,42836.87,75753.941347
633,2021-08-07,42836.87,44700.0,42446.41,44572.54,73396.740808
634,2021-08-08,44572.54,45310.0,43261.0,43794.37,69329.092698
635,2021-08-09,43794.36,46454.15,42779.0,46253.4,74587.884845
636,2021-08-10,46248.87,46700.0,44589.46,45584.99,53814.643421
637,2021-08-11,45585.0,46743.47,45341.14,45511.0,52734.901977
638,2021-08-12,45510.67,46218.12,43770.0,44399.0,55266.108781
639,2021-08-13,44400.06,47886.0,44217.39,47800.0,48239.370431
640,2021-08-14,47799.99,48144.0,45971.03,47068.51,46114.359022
641,2021-08-15,47068.5,47372.27,45500.0,46973.82,42110.711334
642,2021-08-16,46973.82,48053.83,45660.0,45901.29,52480.574014
643,2021-08-17,45901.3,47160.0,44376.0,44695.95,57039.341629
644,2021-08-18,44695.95,46000.0,44203.28,44705.29,54099.415985
645,2021-08-19,44699.37,47033.0,43927.7,46760.62,53411.75392
646,2021-08-20,46760.62,49382.99,46622.99,49322.47,56850.352228
647,2021-08-21,49322.47,49757.04,48222.0,48821.87,46745.136584
648,2021-08-22,48821.88,49500.0,48050.0,49239.22,37007.887795
649,2021-08-23,49239.22,50500.0,49029.0,49488.85,52462.541954
650,2021-08-24,49488.85,49860.0,47600.0,47674.01,51014.594748
651,2021-08-25,47674.01,49264.3,47126.28,48973.32,44655.830342
652,2021-08-26,48973.32,49352.84,46250.0,46843.87,49371.277774
653,2021-08-27,46843.86,49149.93,46348.0,49069.9,42068.104965
654,2021-08-28,49069.9,49299.0,48346.88,48895.35,26681.063786
655,2021-08-29,48895.35,49632.27,47762.54,48767.83,32652.283473
656,2021-08-30,48767.84,48888.61,46853.0,46982.91,40288.35083
657,2021-08-31,46982.91,48246.11,46700.0,47100.89,48645.52737
658,2021-09-01,47100.89,49156.0,46512.0,48810.52,49904.65528
659,2021-09-02,48810.51,50450.13,48584.06,49246.64,54410.770538
660,2021-09-03,49246.63,51000.0,48316.84,49999.14,59025.644157
661,2021-09-04,49998.0,50535.69,49370.0,49915.64,34664.65959
662,2021-09-05,49917.54,51900.0,49450.0,51756.88,40544.835873
663,2021-09-06,51756.88,52780.0,50969.33,52663.9,49249.667081
664,2021-09-07,52666.2,52920.0,42843.05,46863.73,123048.802719
665,2021-09-08,46868.57,47340.99,44412.02,46048.31,65069.3152
666,2021-09-09,46048.31,47399.97,45513.08,46395.14,50651.66002
667,2021-09-10,46395.14,47033.0,44132.29,44850.91,49048.26618
668,2021-09-11,44842.2,45987.93,44722.22,45173.69,30440.4081
669,2021-09-12,45173.68,46460.0,44742.06,46025.24,32094.28052
670,2021-09-13,46025.23,46880.0,43370.0,44940.73,65429.15056
671,2021-09-14,44940.72,47250.0,44594.44,47111.52,44855.85099
672,2021-09-15,47103.28,48500.0,46682.32,48121.41,43204.71174
673,2021-09-16,48121.4,48557.0,47021.1,47737.82,40725.08895
674,2021-09-17,47737.81,48150.0,46699.56,47299.98,34461.92776
675,2021-09-18,47299.98,48843.2,47035.56,48292.74,30906.47038
676,2021-09-19,48292.75,48372.83,46829.18,47241.75,29847.24349
677,2021-09-20,47241.75,47347.25,42500.0,43015.62,78003.524443
678,2021-09-21,43016.64,43639.0,39600.0,40734.38,84534.080485
679,2021-09-22,40734.09,44000.55,40565.39,43543.61,58349.05542
680,2021-09-23,43546.37,44978.0,43069.09,44865.26,48699.57655
681,2021-09-24,44865.26,45200.0,40675.0,42810.57,84113.426292
682,2021-09-25,42810.58,42966.84,41646.28,42670.64,33594.57189
683,2021-09-26,42670.63,43950.0,40750.0,43160.9,49879.99765
684,2021-09-27,43160.9,44350.0,42098.0,42147.35,39776.84383
685,2021-09-28,42147.35,42787.38,40888.0,41026.54,43372.2624
686,2021-09-29,41025.01,42590.0,40753.88,41524.28,33511.53487
687,2021-09-30,41524.29,44141.37,41410.17,43824.1,46381.22781
688,2021-10-01,43820.01,48495.0,43283.03,48141.61,66244.87492
689,2021-10-02,48141.6,48336.59,47430.18,47634.9,30508.98131
690,2021-10-03,47634.89,49228.08,47088.0,48200.01,30825.05601
691,2021-10-04,48200.01,49536.12,46891.0,49224.94,46796.49372
692,2021-10-05,49224.93,51886.3,49022.4,51471.99,52125.66793
693,2021-10-06,51471.99,55750.0,50382.41,55315.0,79877.545181
694,2021-10-07,55315.0,55332.31,53357.0,53785.22,54917.37766
695,2021-10-08,53785.22,56100.0,53617.61,53951.43,46160.25785
696,2021-10-09,53955.67,55489.0,53661.67,54949.72,55177.08013
697,2021-10-10,54949.72,56561.31,54080.0,54659.0,89237.836128
698,2021-10-11,54659.01,57839.04,54415.06,57471.35,52933.165751
699,2021-10-12,57471.35,57680.0,53879.0,55996.93,53471.2855
700,2021-10-13,55996.91,57777.0,54167.19,57367.0,55808.44492
701,2021-10-14,57370.83,58532.54,56818.05,57347.94,43053.336781
702,2021-10-15,57347.94,62933.0,56850.0,61672.42,82512.908022
703,2021-10-16,61672.42,62378.42,60150.0,60875.57,35467.88096
704,2021-10-17,60875.57,61718.39,58963.0,61528.33,39099.24124
705,2021-10-18,61528.32,62695.78,59844.45,62009.84,51798.44844
706,2021-10-19,62005.6,64486.0,61322.22,64280.59,53628.107744
707,2021-10-20,64280.59,67000.0,63481.4,66001.41,51428.934856
708,2021-10-21,66001.4,66639.74,62000.0,62193.15,68538.64537
709,2021-10-22,62193.15,63732.39,60000.0,60688.22,52119.35886
710,2021-10-23,60688.23,61747.64,59562.15,61286.75,27626.93678
711,2021-10-24,61286.75,61500.0,59510.63,60852.22,31226.57676
712,2021-10-25,60852.22,63710.63,60650.0,63078.78,36853.83806
713,2021-10-26,63078.78,63293.48,59817.55,60328.81,40217.50083
714,2021-10-27,60328.81,61496.0,58000.0,58413.44,62124.49016
715,2021-10-28,58413.44,62499.0,57820.0,60575.89,61056.35301
716,2021-10-29,60575.9,62980.0,60174.81,62253.71,43973.90414
717,2021-10-30,62253.7,62359.25,60673.0,61859.19,31478.12566
718,2021-10-31,61859.19,62405.3,59945.36,61299.8,39267.63794
719,2021-11-01,61299.81,62437.74,59405.0,60911.11,44687.66672
720,2021-11-02,60911.12,64270.0,60624.68,63219.99,46368.2841
721,2021-11-03,63220.57,63500.0,60382.76,62896.48,43336.09049
722,2021-11-04,62896.49,63086.31,60677.01,61395.01,35930.93314
723,2021-11-05,61395.01,62595.72,60721.0,60937.12,31604.48749
724,2021-11-06,60940.18,61560.49,60050.0,61470.61,25590.57408
725,2021-11-07,61470.62,63286.35,61322.78,63273.59,25515.6883
726,2021-11-08,63273.58,67789.0,63273.58,67525.83,54442.094554
727,2021-11-09,67525.82,68524.25,66222.4,66947.66,44661.378068
728,2021-11-10,66947.67,69000.0,62822.9,64882.43,65171.504046
729,2021-11-11,64882.42,65600.07,64100.0,64774.26,37237.98058
730,2021-11-12,64774.25,65450.7,64052.0,64872.3,7179.67798
